0.000000000000000000e+00 -1.203941513700712423e-01
1.000000000000000056e-01 1.918352384657218412e-01
2.000000000000000111e-01 2.533821765534103321e-01
3.000000000000000444e-01 2.317114626023447643e-01
4.000000000000000222e-01 4.064787979942898755e-01
5.000000000000000000e-01 5.477819848214419141e-01
6.000000000000000888e-01 5.633820764211487919e-01
7.000000000000000666e-01 5.336825765738996141e-01
8.000000000000000444e-01 8.608344406376229330e-01
9.000000000000000222e-01 8.338279629323330777e-01
1.000000000000000000e+00 8.455067939193133819e-01
1.100000000000000089e+00 7.609285092971789233e-01
1.200000000000000178e+00 7.894855728532483852e-01
1.300000000000000044e+00 9.746723006392820077e-01
1.400000000000000133e+00 1.085833192374194622e+00
1.500000000000000000e+00 1.015265081763549793e+00
1.600000000000000089e+00 1.133897072338278411e+00
1.700000000000000178e+00 8.160439946203479344e-01
1.800000000000000044e+00 9.830592881244372139e-01
1.900000000000000133e+00 8.964912246260742235e-01
2.000000000000000000e+00 8.889856981923865975e-01
2.100000000000000089e+00 8.960074219484682745e-01
2.200000000000000178e+00 5.199691534195904907e-01
2.300000000000000266e+00 8.631439930365409907e-01
2.400000000000000355e+00 7.119628296740704299e-01
2.500000000000000000e+00 8.045381662830726199e-01
2.600000000000000089e+00 5.904852492262008257e-01
2.700000000000000178e+00 4.147302024497405704e-01
2.800000000000000266e+00 3.217693631259766485e-01
2.900000000000000355e+00 3.822497005022759131e-01
3.000000000000000000e+00 6.479715297245332295e-02
3.100000000000000089e+00 4.691606011766299988e-02
3.200000000000000178e+00 -1.708384787804682892e-01
3.300000000000000266e+00 -1.096343048967268197e-01
3.400000000000000355e+00 -3.219279941636851716e-01
3.500000000000000000e+00 -3.353490157919573056e-01
3.600000000000000089e+00 -4.268751678832125585e-01
3.700000000000000178e+00 -6.059155773925344324e-01
3.800000000000000266e+00 -4.300861683222551024e-01
3.900000000000000355e+00 -5.569797297510012957e-01
4.000000000000000000e+00 -8.046472394006756179e-01
4.100000000000000533e+00 -8.110205051828234257e-01
4.200000000000000178e+00 -1.012856255065263777e+00
4.299999999999999822e+00 -7.938081370060006137e-01
4.400000000000000355e+00 -8.253647689226045747e-01
4.500000000000000000e+00 -8.928505448511335763e-01
4.600000000000000533e+00 -8.239412420412397520e-01
4.700000000000000178e+00 -9.286690855651157372e-01
4.800000000000000711e+00 -1.163804730672834964e+00
4.900000000000000355e+00 -9.060500551309254025e-01
5.000000000000000000e+00 -9.630669839148444655e-01
5.100000000000000533e+00 -9.100391005507800779e-01
5.200000000000000178e+00 -8.156996686264678109e-01
5.300000000000000711e+00 -7.560815752052189032e-01
5.400000000000000355e+00 -6.454988643399739434e-01
5.500000000000000000e+00 -6.549874619181004221e-01
5.600000000000000533e+00 -6.423865116992059088e-01
5.700000000000000178e+00 -5.118922910421319639e-01
5.800000000000000711e+00 -3.622234611782501057e-01
5.900000000000000355e+00 -3.038044162431692286e-01
6.000000000000000000e+00 -3.036308518190024563e-01
6.100000000000000533e+00 -2.028665719304481585e-02
6.200000000000000178e+00 -1.738582736380919758e-01
6.300000000000000711e+00 -6.912805044256026266e-02
6.400000000000000355e+00 1.688085441306254320e-01
6.500000000000000000e+00 3.116646176240843724e-01
6.600000000000000533e+00 3.926577834228465735e-01
6.700000000000000178e+00 2.441159983131445110e-01
6.800000000000000711e+00 3.610595983301856382e-01
6.900000000000000355e+00 5.297994618333351502e-01
7.000000000000000000e+00 6.436539834185013298e-01
7.100000000000000533e+00 9.073211075508111900e-01
7.200000000000000178e+00 9.725457568748689940e-01
7.300000000000000711e+00 9.644900107061731287e-01
7.400000000000000355e+00 9.721359569705892989e-01
7.500000000000000000e+00 9.933564978957292180e-01
7.600000000000000533e+00 1.041198657826693186e+00
7.700000000000000178e+00 1.126055467316884773e+00
7.800000000000000711e+00 1.141013038151482473e+00
7.900000000000000355e+00 1.010059087687435797e+00
8.000000000000000000e+00 9.225359729880944215e-01
8.099999999999999645e+00 9.671496434590561853e-01
8.200000000000001066e+00 8.711977791714037300e-01
8.300000000000000711e+00 8.485371171953469682e-01
8.400000000000000355e+00 9.204113665136635092e-01
8.500000000000000000e+00 9.048307743133106040e-01
8.599999999999999645e+00 7.281720551370585159e-01
8.700000000000001066e+00 6.915769796942478065e-01
8.800000000000000711e+00 4.114248828695472038e-01
8.900000000000000355e+00 3.987989969240506860e-01
9.000000000000000000e+00 4.559903059927895019e-01
9.099999999999999645e+00 2.314132285305086634e-01
9.200000000000001066e+00 2.647738702153280554e-01
9.300000000000000711e+00 1.227878396697783397e-01
9.400000000000000355e+00 -1.191905061230441876e-01
9.500000000000000000e+00 -1.936240388052724581e-01
9.600000000000001421e+00 7.226273333814481337e-02
9.700000000000001066e+00 -4.066010606786147896e-01
9.800000000000000711e+00 -3.697863303768867960e-01
9.900000000000000355e+00 -4.339311115444214328e-01
